21.9129032258064562 37.3975483870967764
27.4870967741935495 34.6104516129032334
33.0612903225806463 31.8233548387096903
37.9387096774193679 29.036258064516133
43.5129032258064541 25.5523870967741971
47.6935483870967829 22.765290322580654
51.8741935483870975 19.9781935483870967
56.7516129032258192 17.1910967741935536
60.2354838709677551 14.4040000000000106
64.4161290322580697 10.9201290322580746
69.2935483870967772 8.13303225806451735
74.1709677419354989 6.73948387096774582
79.0483870967742064 3.25561290322580987
