   40.548    32.948
   38.724    32.882
   38.494    33.967
   36.670    33.900
   51.678    45.997
   31.922    32.972
   35.624    36.907
   34.379    37.268
   34.632    38.711
   34.018    39.528
   33.317    40.283
   28.908    38.359
   28.635    39.427
   32.442    43.443
   31.947    44.350
   30.762    44.759
   31.481    46.544
   31.001    47.462
   30.581    48.426
   30.620    49.721
   29.957    50.508
   29.387    51.363
   29.119    52.437
   28.933    53.570
   28.708    54.674
   29.099    56.223
   27.800    56.552
   27.711    57.753
   26.178    57.906
   25.688    58.813
   24.335    59.096
   23.665    59.873
   22.167    60.051
   21.632    60.929
   20.298    61.232
   20.057    62.324
   18.818    62.695
   18.354    63.626
   17.948    64.597
   17.687    65.673
   12.194    62.969
   16.464    67.320
   16.682    68.741
   15.941    69.466
   15.672    70.533
   16.349    72.283
   16.121    73.379
   15.930    74.502
    8.419    70.289
   16.867    77.586
   16.715    78.668
    7.849    73.454
    7.413    74.331
   16.388    82.064
    5.854    75.720
   12.624    81.880
    7.229    79.249
   10.564    82.927
    8.656    82.816
