   60.250     8.500
   60.500     8.500
   60.500     8.750
   60.500     9.000
   60.500     9.250
   59.500     9.500
   59.750     9.500
   60.000     9.500
   60.250     9.500
   60.500     9.500
   59.500     9.750
   59.500    10.000
   59.750    10.250
   60.000    10.250
   60.250    10.250
   60.500    10.250
   60.500    10.500
   60.000    10.750
   60.250    10.750
   60.500    10.750
   60.000    11.000
   60.250    11.250
   60.500    11.250
   60.500    11.500
   60.250    11.750
   60.500    11.750
   53.250    13.250
   53.250    13.500
   53.500    13.500
   53.750    13.500
   54.000    13.500
   54.250    13.500
   54.500    13.500
   54.750    13.500
   55.000    13.500
   55.250    13.500
   51.750    12.500
   52.000    12.500
   52.250    12.500
   52.500    12.500
   52.750    12.500
   53.000    12.500
   53.250    12.750
   53.250    13.000
   24.750    27.500
   25.000    27.500
   25.250    27.500
   25.500    27.500
   24.500    27.750
   22.500    28.000
   22.750    28.000
   23.000    28.000
   23.250    28.000
   24.500    28.000
   23.500    28.250
   24.500    28.250
   23.500    28.500
   23.750    28.500
   24.000    28.500
   24.250    28.500
   24.500    28.500
   39.750    16.500
   40.000    16.500
   40.250    16.500
   40.500    16.500
   40.750    16.500
   41.000    16.500
   41.250    16.500
   41.500    16.500
   39.500    16.750
   39.500    17.000
   41.500    15.500
   41.750    15.500
   42.000    15.500
   41.500    15.750
   41.500    16.000
   41.500    16.250
   37.500    18.500
   37.750    18.500
   38.000    18.500
   38.250    18.500
   37.500    18.750
   37.500    19.000
   37.500    19.250
   37.500    19.500
   37.500    19.750
   37.500    20.000
    9.500    38.500
    9.500    38.750
    9.500    39.000
    9.500    39.250
    9.500    39.500
    9.500    39.750
    9.500    40.000
    9.500    40.250
    9.500    40.500
    9.500    40.750
   46.750    12.500
   47.000    12.500
   47.250    12.500
   47.500    12.500
   47.750    12.500
   48.000    12.500
   46.500    12.750
   46.250    13.000
   46.000    13.250
   18.500    30.250
   18.500    29.500
   18.750    29.500
   19.000    29.500
   19.250    29.500
   19.500    29.500
   18.500    29.750
   18.500    30.000
   15.000    31.500
   15.250    31.500
   15.500    31.500
   15.750    31.500
   15.000    31.750
   15.000    32.000
   15.000    32.250
   50.750    12.250
   49.500    12.500
   49.750    12.500
   50.000    12.500
   50.250    12.500
   50.500    12.500
   29.750    25.500
   30.000    25.500
   30.250    25.500
   30.500    25.500
   30.750    25.500
   29.500    25.750
   43.000    14.500
   43.250    14.500
   43.500    14.500
   43.750    14.500
   44.000    14.500
   36.000    22.500
   35.500    22.750
   35.500    23.000
   35.500    22.500
   35.750    22.500
   16.750    30.500
   17.000    30.500
   17.250    30.500
   17.500    30.500
   16.500    30.750
   38.750    17.500
   39.000    17.500
   38.500    17.750
   38.250    18.000
   33.250    24.500
   33.500    24.500
   33.750    24.500
   33.000    24.500
   31.500    25.000
   31.750    25.000
   32.000    25.000
   31.250    25.250
   29.000    26.000
   28.500    26.250
   28.500    26.000
   28.750    26.000
   13.750    32.500
   14.000    32.500
   13.500    32.750
   13.500    33.000
   12.500    33.500
   12.750    33.500
   13.000    33.500
   12.500    33.750
   11.500    34.500
   11.750    34.500
   11.500    34.750
   11.500    35.000
   60.500     7.500
   60.500     7.750
   60.500     8.000
   48.500    12.000
   48.750    12.000
   49.000    12.000
   51.250    12.500
   51.250    12.000
   51.250    12.250
   45.000    13.500
   45.250    13.500
   45.500    13.500
   37.000    20.500
   37.000    20.750
   37.000    21.000
   36.500    21.500
   36.500    21.750
   36.500    22.000
   34.500    23.500
   34.750    23.500
   35.000    23.500
   27.000    26.500
   27.250    26.500
   27.500    26.500
   22.000    28.500
   21.500    28.500
   21.750    28.500
   20.000    29.250
   20.500    28.750
   20.250    29.000
   10.500    36.750
   10.500    37.000
   10.500    36.500
   55.500    14.000
   55.750    14.250
   42.500    14.750
   42.500    15.000
   26.500    27.250
   26.500    27.000
