   41.000    11.000
   41.250    11.000
   41.500    11.000
   39.250    11.250
   39.500    11.250
   40.250    11.250
   40.500    11.250
   41.000    11.250
   41.500    11.250
   39.000    11.500
   39.750    11.500
   40.000    11.500
   40.750    11.500
   41.000    11.500
   41.250    11.500
   41.500    11.500
   39.250    11.750
   39.500    11.750
   40.250    11.750
   40.500    11.750
   42.500    10.500
   43.000    10.500
   43.250    10.500
   42.500    11.500
   42.750    11.500
   43.000    11.500
   42.500    10.750
   43.000    10.750
   43.500    10.500
   43.500    10.750
   43.500    11.500
   42.500    11.000
   43.000    11.000
   43.500    11.000
   42.500    11.250
   43.000    11.250
   43.500    11.250
   42.250    10.500
   53.250     4.250
   52.250     3.750
   52.500     3.750
   52.750     3.750
   53.250     3.750
   52.250     4.000
   52.750     4.000
   53.250     4.000
   51.000     4.250
   51.250     4.250
   51.500     4.250
   51.750     4.250
   52.000     4.250
   53.000     4.250
   22.500    23.500
   21.500    23.750
   21.750    23.750
   22.000    23.750
   22.250    23.750
   21.250    24.000
   20.000    24.250
   20.250    24.250
   20.500    24.250
   20.750    24.250
   21.000    24.250
   21.250    24.250
   56.250     2.750
   56.500     2.750
   56.750     2.750
   56.250     3.000
   54.750     3.250
   55.000     3.250
   55.250     3.250
   55.500     3.250
   55.750     3.250
   56.000     3.250
   17.750    25.250
   18.000    25.250
   19.500    24.500
   18.500    24.750
   18.750    24.750
   19.000    24.750
   19.250    24.750
   18.250    25.000
   17.500    25.250
   37.250    12.250
   37.500    12.250
   37.750    12.250
   38.000    12.250
   38.250    12.250
   38.500    12.250
   38.750    12.250
   48.500     4.750
   48.750     4.750
   49.000     4.750
   48.500     5.000
   48.000     5.250
   48.250     5.250
   35.250    15.000
   35.250    15.250
   35.250    15.500
   35.250    15.750
   35.250    16.000
   35.250    16.250
   16.250    24.250
   16.500    24.250
   16.000    24.500
   16.500    24.500
   16.000    24.750
   16.250    24.750
   28.250    21.250
   28.500    21.250
   28.750    21.250
   29.000    21.250
   29.250    21.250
    9.000    33.250
    9.250    33.250
    9.500    33.250
    9.750    33.250
   10.000    33.250
    7.250    34.750
    7.250    35.000
    7.000    35.250
    6.750    35.500
    6.750    35.750
   40.000    12.250
   39.250    12.250
   39.500    12.250
   39.750    12.250
   35.750    12.750
   35.750    12.500
   36.000    12.500
   35.750    13.000
   40.500    13.250
   40.750    13.250
   41.000    13.250
   41.250    13.250
   35.750    14.000
   35.750    14.250
   35.500    14.500
   35.750    13.750
   26.750    22.250
   27.000    22.250
   27.250    22.250
   27.250    22.000
   23.000    23.250
   23.250    23.250
   23.500    23.250
   23.750    23.250
   13.750    25.750
   14.000    25.750
   14.250    25.750
   14.500    25.750
   11.000    30.500
   10.500    30.000
   10.500    30.250
   10.750    30.500
   11.000    32.000
   10.750    32.250
   11.250    31.500
   11.250    31.750
    8.250    34.000
    7.750    34.250
    8.000    34.250
    8.250    34.250
   54.250     3.500
   54.250     3.750
   54.250     3.250
   45.500    10.750
   45.750    10.500
   45.750    10.250
   42.750    12.250
   43.000    12.250
   43.250    12.250
   33.750    18.250
   34.250    17.750
   34.000    18.000
   33.250    18.750
   33.000    19.000
   32.750    19.250
   26.250    22.500
   26.250    22.750
   26.250    22.250
   25.000    23.250
   25.250    23.250
   25.250    23.000
   16.000    25.250
   16.250    25.250
   16.500    25.250
    9.750    28.500
    9.750    28.750
    9.750    29.000
   11.750    31.000
   11.750    31.250
   11.750    31.500
    5.750    37.750
    5.750    38.000
    5.750    37.500
   50.250     4.250
   50.500     4.500
   42.250     9.500
   42.250     9.250
   43.250     9.500
   43.500     9.500
   44.250     9.500
   44.500     9.500
   41.000    10.250
   41.250    10.000
   43.250    10.000
   43.500    10.000
   44.000    11.000
   44.000    10.750
   43.750    12.250
   43.750    12.000
   41.000    12.500
   40.750    12.500
   37.250    13.250
   37.250    13.000
   39.500    13.250
   39.500    13.000
   59.000    13.750
   58.750    14.000
   35.250    16.750
   35.250    17.000
   28.250    23.250
   28.500    23.250
   29.250    23.250
   29.500    23.250
   12.250    30.500
   12.500    30.750
    7.000    36.250
    7.250    36.250
    7.250    38.250
    7.250    38.500
    6.250    39.750
    6.250    40.000
    7.750    41.500
    8.000    41.750
